[LEFT_CAM_2K]
fx=1054
fy=1053.52
cx=1098.06
cy=608.901
k1=-0.0396126
k2=0.00893351
p1=6.25559e-05
p2=0.000417668
k3=-0.00486314

[RIGHT_CAM_2K]
fx=1056.59
fy=1056.12
cx=1120.02
cy=608.787
k1=-0.043055
k2=0.0116954
p1=-3.94044e-05
p2=0.000105004
k3=-0.00545224

[LEFT_CAM_FHD]
fx=1054
fy=1053.52
cx=954.06
cy=527.901
k1=-0.0396126
k2=0.00893351
p1=6.25559e-05
p2=0.000417668
k3=-0.00486314

[RIGHT_CAM_FHD]
fx=1056.59
fy=1056.12
cx=976.02
cy=527.787
k1=-0.043055
k2=0.0116954
p1=-3.94044e-05
p2=0.000105004
k3=-0.00545224

[LEFT_CAM_HD]
fx=527
fy=526.76
cx=635.53
cy=352.4505
k1=-0.0396126
k2=0.00893351
p1=6.25559e-05
p2=0.000417668
k3=-0.00486314

[RIGHT_CAM_HD]
fx=528.295
fy=528.06
cx=646.51
cy=352.3935
k1=-0.043055
k2=0.0116954
p1=-3.94044e-05
p2=0.000105004
k3=-0.00545224

[LEFT_CAM_VGA]
fx=263.5
fy=263.38
cx=333.265
cy=183.72525
k1=-0.0396126
k2=0.00893351
p1=6.25559e-05
p2=0.000417668
k3=-0.00486314

[RIGHT_CAM_VGA]
fx=264.1475
fy=264.03
cx=338.755
cy=183.69675
k1=-0.043055
k2=0.0116954
p1=-3.94044e-05
p2=0.000105004
k3=-0.00545224

[STEREO]
Baseline=119.835
TY=0.0768476
TZ=-0.499
CV_2K=-0.000228844
CV_FHD=-0.000228844
CV_HD=-0.000228844
CV_VGA=-0.000228844
RX_2K=-0.000995541
RX_FHD=-0.000995541
RX_HD=-0.000995541
RX_VGA=-0.000995541
RZ_2K=-0.000470606
RZ_FHD=-0.000470606
RZ_HD=-0.000470606
RZ_VGA=-0.000470606

