image: 4fr-fixed.pgm
resolution: 0.050000
origin: [-51.5, -138.6, 0.000000]
negate: 0
occupied_thresh: 0.5
free_thresh: 0.196
anchor:
  latitude: 40.443259
  longitude: -79.945874
  rotate: 15.1

